docs/source/example_datasets/Cygnus_X-3_BestFitPL_Uncorrected.ecsv
# %ECSV 1.0
# ---
# datatype:
# - {name: e_ref, unit: TeV, datatype: float64}
# - {name: dnde, unit: 1 / (TeV s cm2), datatype: float64}
# - {name: dnde_err, unit: 1 / (TeV s cm2), datatype: float64}
# meta:
#   SED_TYPE: dnde
#   __serialized_columns__:
#     dnde:
#       __class__: astropy.units.quantity.Quantity
#       unit: !astropy.units.Unit {unit: 1 / (TeV s cm2)}
#       value: !astropy.table.SerializedColumn {name: dnde}
#     dnde_err:
#       __class__: astropy.units.quantity.Quantity
#       unit: !astropy.units.Unit {unit: 1 / (TeV s cm2)}
#       value: !astropy.table.SerializedColumn {name: dnde_err}
#     e_ref:
#       __class__: astropy.units.quantity.Quantity
#       unit: !astropy.units.Unit {unit: TeV}
#       value: !astropy.table.SerializedColumn {name: e_ref}
# schema: astropy-2.0
e_ref dnde dnde_err
0.1 2.4110270363874372e-11 3.794988703052591e-11
0.11497569953977356 1.7727072201940594e-11 2.739476671378444e-11
0.1321941148466029 1.3033826834379675e-11 1.9768636043608265e-11
0.1519911082952934 9.583118972686238e-12 1.4260417427189622e-11
0.17475284000076838 7.045986601756917e-12 1.028320140885924e-11
0.20092330025650468 5.180560455697002e-12 7.412399475720566e-12
0.23101297000831597 3.809006197718201e-12 5.3409325887018815e-12
0.26560877829466867 2.8005711618133536e-12 3.846770014714255e-12
0.30538555088334157 2.059119472443783e-12 2.7694198986672417e-12
0.3511191734215131 1.5139672434003802e-12 1.9929068940001303e-12
0.40370172585965547 1.1131441593182853e-12 1.4334497743486615e-12
0.464158883361278 8.184390546267086e-13 1.0305435152443995e-12
0.533669923120631 6.017571763108275e-13 7.405068771513813e-13
0.6135907273413173 4.424418619743652e-13 5.318150793390862e-13
0.7054802310718644 3.253053040886866e-13 3.817246197494057e-13
0.8111308307896873 2.39180669740433e-13 2.7383319008613967e-13
0.9326033468832199 1.758575469211713e-13 1.9631612486733336e-13
1.072267222010323 1.292992315921424e-13 1.406521889532238e-13
1.232846739442066 9.506723813117046e-14 1.0070320864478734e-13
1.4174741629268055 6.989817073621257e-14 7.204949746459346e-14
1.6297508346206444 5.1392618196476213e-14 5.151014317590978e-14
1.8738174228603839 3.7786413825568614e-14 3.679685280763988e-14
2.1544346900318843 2.7782454366082896e-14 2.626426032947468e-14
2.4770763559917115 2.042704486767643e-14 1.8729882346625616e-14
2.848035868435802 1.5018981279618923e-14 1.3344344340035037e-14
3.2745491628777286 1.1042703442360534e-14 9.497878636169674e-15
3.7649358067924674 8.119145835902879e-15 6.752984148481115e-15
4.328761281083059 5.96960060086224e-15 4.795948829486766e-15
4.977023564332112 4.3891478308262185e-15 3.4019669276868465e-15
5.722367659350217 3.227120199308469e-15 2.41005039513255e-15
6.5793322465756825 2.372739580025564e-15 1.704993371289679e-15
7.56463327554629 1.7445563743880111e-15 1.2044135898526648e-15
8.697490026177835 1.2826847788264439e-15 8.494465772211305e-16
10.0 9.43093766408212e-16 5.980667458473752e-16
11.497569953977356 6.934095320377797e-16 4.2029667456372447e-16
13.219411484660288 5.098292410011902e-16 2.9477289551854586e-16
15.199110829529332 3.7485186310604094e-16 2.0628568993034167e-16
17.475284000076847 2.7560976886718366e-16 1.440178511820694e-16
20.09233002565048 2.026420358848109e-16 1.0028474096389733e-16
23.101297000831604 1.489925225666788e-16 6.963364312211493e-17
26.560877829466868 1.0954672698512011e-16 4.8200471688526434e-17
30.538555088334157 8.054421246396342e-17 3.3250686315356514e-17
35.11191734215131 5.922011857388738e-17 2.2851962286823044e-17
40.37017258596554 4.3541582152465275e-17 1.5641025560049572e-17
46.41588833612782 3.20139409037902e-17 1.0657732760222427e-17
53.366992312063125 2.3538244627919315e-17 7.227130545102528e-18
61.35907273413176 1.7306490376452758e-17 4.875716844410655e-18
70.54802310718645 1.2724594118415697e-17 3.272058585636588e-18
81.11308307896873 9.355755670642592e-18 2.184735580714638e-18
93.26033468832199 6.8788177724335264e-18 1.452593511327677e-18
107.22672220103232 5.0576496022471844e-18 9.637266624689336e-19
123.28467394420659 3.718636013534299e-18 6.406361141326788e-19
141.74741629268047 2.734126499196422e-18 4.2974209665894633e-19
162.9750834620645 2.010266045507148e-18 2.939686975406233e-19
187.3817422860385 1.4780477695185954e-18 2.0755070083186303e-19
215.44346900318845 1.0867343722297013e-18 1.5255711593588964e-19
247.70763559917114 7.990212631423515e-19 1.167495359076286e-19
284.8035868435802 5.874802484103758e-19 9.223080213618633e-20
327.45491628777285 4.3194475315337007e-19 7.431299557852462e-20
376.49358067924675 3.1758730660574594e-19 6.042906706902326e-20
432.87612810830615 2.335060133981509e-19 4.92388283124312e-20
497.7023564332114 1.7168525680651708e-19 4.003609756966913e-20
572.236765935022 1.2623155599192425e-19 3.241688773094075e-20
657.9332246575682 9.281173016562401e-20 2.6114930986776357e-20
756.463327554629 6.82398088865171e-20 2.0927454510853305e-20
869.7490026177834 5.017330792733285e-20 1.668453037634456e-20
1000.0 3.688991615667234e-20 1.3237653031989933e-20
1149.7569953977356 2.71233046068497e-20 1.0455953536672756e-20
1321.9411484660286 1.994240511882789e-20 8.22494376935948e-21
1519.9110829529332 1.4662649986352252e-20 6.445753879152939e-21
1747.5284000076829 1.0780710919331273e-20 5.034191756738378e-21
2009.2330025650458 7.926515877714304e-21 3.919511840992513e-21
2310.1297000831582 5.827969456726168e-21 3.0429750629634637e-21
2656.0877829466895 4.285013556085528e-21 2.356322499119107e-21
3053.8555088334188 3.150555491440617e-21 1.8202687078537615e-21
3511.1917342151346 2.316445391532038e-21 1.403088725319828e-21
4037.017258596558 1.703166081831622e-21 1.0793419966858901e-21
4641.588833612782 1.252252573233846e-21 8.287524927667804e-22
5336.699231206313 9.207184923999781e-22 6.35247534579047e-22
6135.907273413176 6.769581156125005e-22 4.861473101436062e-22
7054.8023107186455 4.977333398605672e-22 3.7149119505436046e-22
8111.308307896872 3.6595835384085067e-22 2.834843678853473e-22
9326.0334688322 2.6907081768607756e-22 2.1604771151327827e-22
10722.672220103232 1.9783427313628055e-22 1.6445477321933066e-22
12328.467394420659 1.4545761582002123e-22 1.2504103412756247e-22
14174.741629268048 1.0694768739828008e-22 9.497252220406657e-23
16297.508346206434 7.863326904788923e-23 7.206264668652344e-23
18738.17422860383 5.781509775083896e-23 5.462789027252382e-23
21544.346900318866 4.25085408302604e-23 4.1374591438814673e-23
24770.76355991714 3.125439744658569e-23 3.1310449824837384e-23
28480.35868435805 2.297979042963913e-23 2.3675586896225352e-23
32745.491628777316 1.689588702174203e-23 1.788900204290271e-23
37649.35806792471 1.2422698071400716e-23 1.3507099099336907e-23
43287.612810830615 9.133786653201217e-24 1.0191641609069887e-23
49770.23564332114 6.715615089950427e-24 7.68504906402693e-24
57223.676593502205 4.93765485759002e-24 5.791391709321471e-24
65793.32246575682 3.630409897846349e-24 4.361797112404781e-24
75646.3327554629 2.6692582625780354e-24 3.2832639563338177e-24
86974.90026177834 1.962571685518984e-24 2.4701014035105304e-24
100000.0 1.4429804994143845e-24 1.8573875818207065e-24
