docs/source/example_datasets/gc_pp_model_3PeV.ecsv
# %ECSV 1.0
# ---
# datatype:
# - {name: e_ref, unit: TeV, datatype: float64}
# - {name: dnde, unit: 1 / (TeV s cm2), datatype: float64}
# - {name: dnde_err, unit: 1 / (TeV s cm2), datatype: float64}
# meta:
#   SED_TYPE: dnde
#   __serialized_columns__:
#     dnde:
#       __class__: astropy.units.quantity.Quantity
#       unit: !astropy.units.Unit {unit: 1 / (TeV s cm2)}
#       value: !astropy.table.SerializedColumn {name: dnde}
#     dnde_err:
#       __class__: astropy.units.quantity.Quantity
#       unit: !astropy.units.Unit {unit: 1 / (TeV s cm2)}
#       value: !astropy.table.SerializedColumn {name: dnde_err}
#     e_ref:
#       __class__: astropy.units.quantity.Quantity
#       unit: !astropy.units.Unit {unit: TeV}
#       value: !astropy.table.SerializedColumn {name: e_ref}
# schema: astropy-2.0
e_ref dnde dnde_err
0.1 4.0404073424587634e-10 5.93176677597723e-11
0.11497569953977356 2.9222215083676305e-10 4.07773414473373e-11
0.1321941148466029 2.1133721194211694e-10 2.7966605606433972e-11
0.1519911082952934 1.5283471689094327e-10 1.913361253813347e-11
0.17475284000076838 1.1052431084469896e-10 1.3056945059256738e-11
0.20092330025650468 7.992599909715466e-11 8.886474412535245e-12
0.23101297000831597 5.7798369080489493e-11 6.0315424827462235e-12
0.26560877829466867 4.179662245055203e-11 4.0825210767009985e-12
0.30538555088334157 3.022482451198237e-11 2.755872484926911e-12
0.3511191734215131 2.1856490665789082e-11 1.8557309744447497e-12
0.40370172585965547 1.580470915835226e-11 1.2470776763185558e-12
0.464158883361278 1.1428153364845225e-11 8.370542921191066e-13
0.533669923120631 8.263084824683518e-12 5.619301202719906e-13
0.6135907273413173 5.974171227744116e-12 3.780840037651169e-13
0.7054802310718644 4.318920222320678e-12 2.557252171004212e-13
0.8111308307896873 3.1219638117812163e-12 1.7455907027766936e-13
0.9326033468832199 2.2564676236117844e-12 1.207975053174075e-13
1.072267222010323 1.6306925411902317e-12 8.510980717272994e-14
1.232846739442066 1.1782815692778462e-12 6.122668029760452e-14
1.4174741629268055 8.512383081857643e-13 4.49894819566333e-14
1.6297508346206444 6.148483772786745e-13 3.3692049014522655e-14
1.8738174228603839 4.4400514362451853e-13 2.5611977412945256e-14
2.1544346900318843 3.205515395192255e-13 1.9672311352276506e-14
2.4770763559917115 2.3135709714244503e-13 1.5203051403915966e-14
2.848035868435802 1.6692692089163835e-13 1.178180093237318e-14
3.2745491628777286 1.2039549635838746e-13 9.133680400949634e-15
3.7649358067924674 8.679889737978318e-14 7.0717185226473706e-15
4.328761281083059 6.254838131046668e-14 5.462597690907968e-15
4.977023564332112 4.5049658713302526e-14 4.207251800122114e-15
5.722367659350217 3.242753300123466e-14 3.2297717611929716e-15
6.5793322465756825 2.332675445066814e-14 2.470835547300555e-15
7.56463327554629 1.6767998807388207e-14 1.8835848727087393e-15
8.697490026177835 1.2043715649131305e-14 1.4308462017948052e-15
10.0 8.642812553292298e-15 1.083123047449431e-15
11.497569953977356 6.19619429571704e-15 8.170634328471614e-16
13.219411484660288 4.43738474917242e-15 6.142470552809905e-16
15.199110829529332 3.1740565328223317e-15 4.602065124565498e-16
17.475284000076847 2.2674488406146627e-15 3.4363121244859536e-16
20.09233002565048 1.6174895416637823e-15 2.557195380911787e-16
23.101297000831604 1.1520420633732098e-15 1.89653410639514e-16
26.560877829466868 8.191347306906924e-16 1.4017449891470765e-16
30.538555088334157 5.813464064074104e-16 1.0324451681849311e-16
35.11191734215131 4.117509925580592e-16 7.57747016315449e-17
40.37017258596554 2.9098871959763317e-16 5.54117332970771e-17
46.41588833612782 2.051518037909955e-16 4.036934088719321e-17
53.366992312063125 1.4425856450526991e-16 2.9296590036122447e-17
61.35907273413176 1.0115267049304552e-16 2.1175399887219585e-17
70.54802310718645 7.070943989512459e-17 1.5241200139104e-17
81.11308307896873 4.926384684717508e-17 1.0921777952506467e-17
93.26033468832199 3.419855464501308e-17 7.790350971985984e-18
107.22672220103232 2.3647408692321086e-17 5.5297016711933736e-18
123.28467394420659 1.628219551283831e-17 3.904871638382487e-18
141.74741629268047 1.1159418791036286e-17 2.7424495697072862e-18
162.9750834620645 7.610308620875488e-18 1.9149168130422634e-18
187.3817422860385 5.161952282764643e-18 1.328856542039853e-18
215.44346900318845 3.480810430040294e-18 9.161034484775218e-19
247.70763559917114 2.3323206775548288e-18 6.271231300953747e-19
284.8035868435802 1.5520510050021522e-18 4.260763103615217e-19
327.45491628777285 1.0251359897922394e-18 2.871517911739941e-19
376.49358067924675 6.71645538495965e-19 1.91851591615525e-19
432.87612810830615 4.361967516397255e-19 1.2698830168559447e-19
497.7023564332114 2.805958328375109e-19 8.321335647559884e-20
572.236765935022 1.786399994859892e-19 5.393974254614374e-20
657.9332246575682 1.1245610064025056e-19 3.455669506184375e-20
756.463327554629 6.993012377598706e-20 2.1859775212413488e-20
869.7490026177834 4.290918863520182e-20 1.3639212021552446e-20
1000.0 2.5949047025986762e-20 8.384075911352684e-21
1149.7569953977356 1.54456046396547e-20 5.070867982568227e-21
1321.9411484660286 9.035839303178063e-21 3.0133498796194417e-21
1519.9110829529332 5.18695928342633e-21 1.7565828927880403e-21
1747.5284000076829 2.9165073981804175e-21 1.0027102459154916e-21
2009.2330025650458 1.60309442651845e-21 5.593972307662259e-22
2310.1297000831582 8.594968929582519e-22 3.043384496759145e-22
2656.0877829466895 4.483867440385921e-22 1.610753022536272e-22
3053.8555088334188 2.269835314204425e-22 8.270965252041701e-23
3511.1917342151346 1.1115721467668184e-22 4.1078675674662006e-23
4037.017258596558 5.2479565102578874e-23 1.966645873970978e-23
4641.588833612782 2.3794451394158563e-23 9.041023929214452e-24
5336.699231206313 1.0315904974839095e-23 3.9738573298961874e-24
6135.907273413176 4.255566399484267e-24 1.6618435743280893e-24
7054.8023107186455 1.6611987716798423e-24 6.575887025486635e-25
8111.308307896872 6.097866929264547e-25 2.4467501947112974e-25
9326.0334688322 2.089963799281636e-25 8.499916808654256e-26
10722.672220103232 6.634303474907792e-26 2.7348056616334476e-26
12328.467394420659 1.932650863107236e-26 8.074876374387435e-27
14174.741629268048 5.1127960692833034e-27 2.165174297232866e-27
16297.508346206434 1.2136936563967569e-27 5.209544298071726e-28
18738.17422860383 2.5500951088762837e-28 1.1094575475921047e-28
21544.346900318866 4.6686113444615933e-29 2.0588058407947526e-29
24770.76355991714 7.314624518503866e-30 3.269672963356383e-30
28480.35868435805 9.607361778714458e-31 4.353244504063908e-31
32745.491628777316 1.033058590300963e-31 4.745069272042919e-32
37649.35806792471 8.84940310881247e-33 4.120516006266328e-33
43287.612810830615 5.852613105499433e-34 2.7625958659946015e-34
49770.23564332114 2.882373389799203e-35 1.3792888872533642e-35
57223.676593502205 1.01390315754276e-36 4.918593681546931e-37
65793.32246575682 2.4226526492081203e-38 1.1913657649509414e-38
75646.3327554629 3.59216368272706e-40 1.7895562698295106e-40
86974.90026177834 1.941669086064601e-42 9.769794258858181e-43
100000.0 0.0 0.0
