docs/source/example_datasets/gc_pp_model_10PeV.ecsv
# %ECSV 1.0
# ---
# datatype:
# - {name: e_ref, unit: TeV, datatype: float64}
# - {name: dnde, unit: 1 / (TeV s cm2), datatype: float64}
# - {name: dnde_err, unit: 1 / (TeV s cm2), datatype: float64}
# meta:
#   SED_TYPE: dnde
#   __serialized_columns__:
#     dnde:
#       __class__: astropy.units.quantity.Quantity
#       unit: !astropy.units.Unit {unit: 1 / (TeV s cm2)}
#       value: !astropy.table.SerializedColumn {name: dnde}
#     dnde_err:
#       __class__: astropy.units.quantity.Quantity
#       unit: !astropy.units.Unit {unit: 1 / (TeV s cm2)}
#       value: !astropy.table.SerializedColumn {name: dnde_err}
#     e_ref:
#       __class__: astropy.units.quantity.Quantity
#       unit: !astropy.units.Unit {unit: TeV}
#       value: !astropy.table.SerializedColumn {name: e_ref}
# schema: astropy-2.0
e_ref dnde dnde_err
0.1 4.1642230303635483e-10 5.936938613753732e-11
0.11497569953977356 3.005059430767393e-10 4.074899450369823e-11
0.1321941148466029 2.1684667815307772e-10 2.7905893067496656e-11
0.1519911082952934 1.5647412163599182e-10 1.9065863112903935e-11
0.17475284000076838 1.1290938492965047e-10 1.2994428866019156e-11
0.20092330025650468 8.147442885207162e-11 8.834114955751967e-12
0.23101297000831597 5.879231699801546e-11 5.990350293937063e-12
0.26560877829466867 4.242581387547825e-11 4.051604118621671e-12
0.30538555088334157 3.061616114105515e-11 2.7335712827159274e-12
0.3511191734215131 2.2094345161509825e-11 1.8402260365296108e-12
0.40370172585965547 1.5944790016277455e-11 1.2366891021016508e-12
0.464158883361278 1.1506944930297196e-11 8.303549404098085e-13
0.533669923120631 8.304250609989842e-12 5.577858812430361e-13
0.6135907273413173 5.9928793988082055e-12 3.7562639812679026e-13
0.7054802310718644 4.324751954909381e-12 2.5431610044445256e-13
0.8111308307896873 3.120858565131889e-12 1.7374943301950727e-13
0.9326033468832199 2.2520164785685326e-12 1.2028937952795681e-13
1.072267222010323 1.6249921691303692e-12 8.47228669679315e-14
1.232846739442066 1.1724935597344878e-12 6.086817538807243e-14
1.4174741629268055 8.459519865953583e-13 4.4626070581877715e-14
1.6297508346206444 6.103133297087541e-13 3.3324369709271276e-14
1.8738174228603839 4.4027798034816575e-13 2.5254670084022927e-14
2.1544346900318843 3.1758672185084434e-13 1.9341376318094523e-14
2.4770763559917115 2.2906168281667356e-13 1.490997403872102e-14
2.848035868435802 1.651923526938018e-13 1.1532210344648439e-14
3.2745491628777286 1.1911503720276712e-13 8.928234486877593e-15
3.7649358067924674 8.587629467671342e-14 6.907668603244831e-15
4.328761281083059 6.190133905809726e-14 5.3352656311495956e-15
4.977023564332112 4.4610375747552476e-14 4.111154256764851e-15
5.722367659350217 3.2141704471366907e-14 3.1593703413597294e-15
6.5793322465756825 2.315187771162004e-14 2.420981658460595e-15
7.56463327554629 1.6671471095533195e-14 1.849744997465899e-15
8.697490026177835 1.2000989612264892e-14 1.4091822161951654e-15
10.0 8.635740470629536e-15 1.070484066340599e-15
11.497569953977356 6.211611792222223e-15 8.10928700889055e-16
13.219411484660288 4.4659396446655934e-15 6.126459393149318e-16
15.199110829529332 3.2092648888594585e-15 4.616318717411618e-16
17.475284000076847 2.304949698204041e-15 3.4695568082988666e-16
20.09233002565048 1.6544668140107923e-15 2.601197158548889e-16
23.101297000831604 1.1867831369534959e-15 1.9454418869166077e-16
26.560877829466868 8.50698440127599e-16 1.451539286835616e-16
30.538555088334157 6.093169423857003e-16 1.0804870592544877e-16
35.11191734215131 4.360582744195658e-16 8.024168015960338e-17
40.37017258596554 3.1177944880744457e-16 5.945305581051082e-17
46.41588833612782 2.2269864466080376e-16 4.394815719951317e-17
53.366992312063125 1.588976269813173e-16 3.241100656629472e-17
61.35907273413176 1.132417126975088e-16 2.3846085467371124e-17
70.54802310718645 8.060101377146564e-17 1.7502332408234988e-17
81.11308307896873 5.728903951170574e-17 1.2814583388779865e-17
93.26033468832199 4.0658093206427316e-17 9.358623129000475e-18
107.22672220103232 2.8807755408025993e-17 6.816804997533963e-18
123.28467394420659 2.0374914310035272e-17 4.951841912736112e-18
141.74741629268047 1.43825867554477e-17 3.586887591629288e-18
162.9750834620645 1.0131112874449876e-17 2.590442939826566e-18
187.3817422860385 7.11988273947135e-18 1.864950225273368e-18
215.44346900318845 4.991055340376799e-18 1.338196778057274e-18
247.70763559917114 3.489112803256194e-18 9.568525145827192e-19
284.8035868435802 2.4318118062012725e-18 6.816234549156147e-19
327.45491628777285 1.6893341940992044e-18 4.836257161300923e-19
376.49358067924675 1.169333142576362e-18 3.4167888211565906e-19
432.87612810830615 8.062160995969205e-19 2.4029022049792755e-19
497.7023564332114 5.53470566961693e-19 1.6815673441526533e-19
572.236765935022 3.781738270972267e-19 1.1705452044422775e-19
657.9332246575682 2.570689823427193e-19 8.10171025119322e-20
756.463327554629 1.737634903614903e-19 5.572891238734059e-20
869.7490026177834 1.1673144137105827e-19 3.8078596472006313e-20
1000.0 7.789081072687429e-20 2.583079127546431e-20
1149.7569953977356 5.1591623142704126e-20 1.7385521071164482e-20
1321.9411484660286 3.389746127772792e-20 1.1602260023171238e-20
1519.9110829529332 2.2076143060396338e-20 7.671610745198436e-21
1747.5284000076829 1.4239355748493506e-20 5.0219658350035686e-21
2009.2330025650458 9.088219323763829e-21 3.251811346432513e-21
2310.1297000831582 5.7340650609162654e-21 2.0807800155331593e-21
2656.0877829466895 3.5725301637532885e-21 1.3143800648938657e-21
3053.8555088334188 2.19537413265271e-21 8.186721294930831e-22
3511.1917342151346 1.3289273420234896e-21 5.0216234737980075e-22
4037.017258596558 7.912975765471238e-22 3.0291382725390787e-22
4641.588833612782 4.627525101984284e-22 1.794191785197775e-22
5336.699231206313 2.6532829086338725e-22 1.0417371358717956e-22
6135.907273413176 1.4887505374103695e-22 5.917981165195349e-23
7054.8023107186455 8.157438845182669e-23 3.282566803181375e-23
8111.308307896872 4.35481306319119e-23 1.7736848900081612e-23
9326.0334688322 2.2591541124363494e-23 9.312080703436468e-24
10722.672220103232 1.1356122913474898e-23 4.736730661034452e-24
12328.467394420659 5.513413355921569e-24 2.3268970112260054e-24
14174.741629268048 2.5759858026999178e-24 1.0999526410310775e-24
16297.508346206434 1.1535167490916795e-24 4.983090363932663e-25
18738.17422860383 4.927744904788229e-25 2.15347906450589e-25
21544.346900318866 1.997614902948306e-25 8.830701065315957e-26
24770.76355991714 7.637298581218213e-26 3.4149422236359555e-26
28480.35868435805 2.733722322482878e-26 1.236277390090296e-26
32745.491628777316 9.07880346380192e-27 4.1518576181013404e-27
37649.35806792471 2.764339344236531e-27 1.27805480431041e-27
43287.612810830615 7.585310135601706e-28 3.5440301114989694e-28
49770.23564332114 1.8241705289252742e-28 8.607392482000604e-29
57223.676593502205 3.653313969577795e-29 1.7392182658257586e-29
65793.32246575682 5.481653818281333e-30 2.629509863248422e-30
75646.3327554629 4.770150113521108e-31 2.3021099112378585e-31
86974.90026177834 1.0273421013134602e-32 4.980422002270857e-33
100000.0 0.0 0.0
