docs/source/example_datasets/gc_pp_model_30PeV.ecsv
# %ECSV 1.0
# ---
# datatype:
# - {name: e_ref, unit: TeV, datatype: float64}
# - {name: dnde, unit: 1 / (TeV s cm2), datatype: float64}
# - {name: dnde_err, unit: 1 / (TeV s cm2), datatype: float64}
# meta:
#   SED_TYPE: dnde
#   __serialized_columns__:
#     dnde:
#       __class__: astropy.units.quantity.Quantity
#       unit: !astropy.units.Unit {unit: 1 / (TeV s cm2)}
#       value: !astropy.table.SerializedColumn {name: dnde}
#     dnde_err:
#       __class__: astropy.units.quantity.Quantity
#       unit: !astropy.units.Unit {unit: 1 / (TeV s cm2)}
#       value: !astropy.table.SerializedColumn {name: dnde_err}
#     e_ref:
#       __class__: astropy.units.quantity.Quantity
#       unit: !astropy.units.Unit {unit: TeV}
#       value: !astropy.table.SerializedColumn {name: e_ref}
# schema: astropy-2.0
e_ref dnde dnde_err
0.1 4.213031772862748e-10 5.925133962372699e-11
0.11497569953977356 3.03773188733697e-10 4.064667895097568e-11
0.1321941148466029 2.1902133045747158e-10 2.7822422318411144e-11
0.1519911082952934 1.579121007993991e-10 1.900061871826216e-11
0.17475284000076838 1.1385301651147808e-10 1.2945113062615757e-11
0.20092330025650468 8.208810117167787e-11 8.797890654185715e-12
0.23101297000831597 5.918710158838836e-11 5.96443294878174e-12
0.26560877829466867 4.2676423264051436e-11 4.033534208271053e-12
0.30538555088334157 3.077259832647346e-11 2.7213082500168793e-12
0.3511191734215131 2.21898841274841e-11 1.8321474733195024e-12
0.40370172585965547 1.6001426373546346e-11 1.2315465435865023e-12
0.464158883361278 1.1539106500203673e-11 8.272129623652616e-13
0.533669923120631 8.321314383544676e-12 5.559602732416734e-13
0.6135907273413173 6.0008720597584206e-12 3.7462845702992197e-13
0.7054802310718644 4.327493704039519e-12 2.5380604560441266e-13
0.8111308307896873 3.1207286477988096e-12 1.734993630168583e-13
0.9326033468832199 2.250462616497458e-12 1.201547231295463e-13
1.072267222010323 1.6228673534772056e-12 8.462036769821451e-14
1.232846739442066 1.170277016922774e-12 6.075812427863753e-14
1.4174741629268055 8.438928357319059e-13 4.449713222453813e-14
1.6297508346206444 6.085229265630873e-13 3.3180764377077594e-14
1.8738174228603839 4.38788435812703e-13 2.5106510131247825e-14
2.1544346900318843 3.1638731394634337e-13 1.919871863305265e-14
2.4770763559917115 2.281209709999897e-13 1.4780147929175342e-14
2.848035868435802 1.644711627013784e-13 1.1419301684832648e-14
3.2745491628777286 1.185737100458641e-13 8.833613840886261e-15
3.7649358067924674 8.547840714128748e-14 6.830822149663531e-15
4.328761281083059 6.161531500522206e-14 5.274564272445224e-15
4.977023564332112 4.440988777874481e-14 4.0644372866578866e-15
5.722367659350217 3.2005425695659114e-14 3.1243378507714636e-15
6.5793322465756825 2.3062923451474587e-14 2.395431979312689e-15
7.56463327554629 1.6616729884579194e-14 1.831701239268612e-15
8.697490026177835 1.1970454530184425e-14 1.3969453200595943e-15
10.0 8.621897512836885e-15 1.0626406765319037e-15
11.497569953977356 6.208909475826177e-15 8.063334754745542e-16
13.219411484660288 4.470345417021095e-15 6.103912055959374e-16
15.199110829529332 3.2179039023044242e-15 4.610126856634235e-16
17.475284000076847 2.3158167581893698e-15 3.4743505304731553e-16
20.09233002565048 1.6662006323746605e-15 2.6129658412290776e-16
23.101297000831604 1.1984920648478087e-15 1.9612531785206842e-16
26.560877829466868 8.618277762230674e-16 1.46930096241476e-16
30.538555088334157 6.195492085484854e-16 1.0987503330349829e-16
35.11191734215131 4.452392337139697e-16 8.202173357835452e-17
40.37017258596554 3.198639541600177e-16 6.112622016091997e-17
46.41588833612782 2.297115760571174e-16 4.5479772460000185e-17
53.366992312063125 1.6490617430594272e-16 3.378477832589779e-17
61.35907273413176 1.1833609042223083e-16 2.505833372606468e-17
70.54802310718645 8.488136665582653e-17 1.8557701192017227e-17
81.11308307896873 6.085683526482812e-17 1.3722894127683845e-17
93.26033468832199 4.3610720091508945e-17 1.0132610995510109e-17
107.22672220103232 3.1235370487417005e-17 7.47052981015114e-18
123.28467394420659 2.2358839703326257e-17 5.499603716913856e-18
141.74741629268047 1.599474259124073e-17 4.042517568332176e-18
162.9750834620645 1.1434119619706842e-17 2.9668670347822612e-18
187.3817422860385 8.167572939351596e-18 2.1739477863204956e-18
215.44346900318845 5.8292140344115085e-18 1.5902953539612548e-18
247.70763559917114 4.1563237510987164e-18 1.1613148129322179e-18
284.8035868435802 2.9603284329096387e-18 8.464941233731445e-19
327.45491628777285 2.1059239306700214e-18 6.15814538061119e-19
376.49358067924675 1.496064718525275e-18 4.470637155142164e-19
432.87612810830615 1.0611737158845882e-18 3.2382812827331304e-19
497.7023564332114 7.513885291000032e-19 2.3399555423541106e-19
572.236765935022 5.3099148733771735e-19 1.686398523171447e-19
657.9332246575682 3.744097178020568e-19 1.2119170740348607e-19
756.463327554629 2.6334365911803454e-19 8.682292206869027e-20
869.7490026177834 1.8470634120547874e-19 6.198990614017927e-20
1000.0 1.29144997123113e-19 4.4095655834391116e-20
1149.7569953977356 8.998079617148763e-20 3.123979791676972e-20
1321.9411484660286 6.244869568484046e-20 2.2033977003856493e-20
1519.9110829529332 4.3152643657316944e-20 1.5465678199624846e-20
1747.5284000076829 2.967525956741722e-20 1.0797891969727682e-20
2009.2330025650458 2.02982947794841e-20 7.495275536994115e-21
2310.1297000831582 1.3802512695787456e-20 5.1698764568213e-21
2656.0877829466895 9.324490476307067e-21 3.541284520455448e-21
3053.8555088334188 6.254206230267316e-21 2.40741138515951e-21
3511.1917342151346 4.16184157121724e-21 1.623092201746179e-21
4037.017258596558 2.7455053127188623e-21 1.0844371609550392e-21
4641.588833612782 1.793933679855226e-21 7.174057833769128e-22
5336.699231206313 1.1599071972944334e-21 4.694789762695065e-22
6135.907273413176 7.413322265362349e-22 3.0360105166915696e-22
7054.8023107186455 4.678008592486241e-22 1.9378305062317257e-22
8111.308307896872 2.910632815884719e-22 1.2192026800984084e-22
9326.0334688322 1.7829142698885064e-22 7.549581097843286e-23
10722.672220103232 1.0733127091056183e-22 4.5929513687369783e-23
12328.467394420659 6.336950844967271e-23 2.7395893304698505e-23
14174.741629268048 3.660395655294086e-23 1.5982105654458248e-23
16297.508346206434 2.0624285060506308e-23 9.091584077093407e-24
18738.17422860383 1.1293708775218763e-23 5.024535373849782e-24
21544.346900318866 5.982479480029567e-24 2.68516448960222e-24
24770.76355991714 3.0471424581474277e-24 1.3792087036481677e-24
28480.35868435805 1.480395701818609e-24 6.754039278519394e-25
32745.491628777316 6.784725506599899e-25 3.1185334991294977e-25
37649.35806792471 2.8874145845664463e-25 1.3363694014212872e-25
43287.612810830615 1.1146016243760312e-25 5.191440682595071e-26
49770.23564332114 3.7613690289503377e-26 1.7619950538030618e-26
57223.676593502205 1.0424479816509006e-26 4.9083600641169946e-27
65793.32246575682 2.108478136182758e-27 9.97256120471779e-28
75646.3327554629 2.383956929426496e-28 1.131959477958913e-28
86974.90026177834 6.392902804729402e-30 3.0456547369017935e-30
100000.0 0.0 0.0
